=== Baseline B1 — CV (n_splits=3) ===
F1-macro     : 0.0364
F1-weighted  : 0.0519
Time (sec)   : 0.05

              precision    recall  f1-score   support

          10     0.0394    0.0411    0.0402      3116
          40     0.0286    0.0275    0.0281      2508
          50     0.0215    0.0220    0.0218      1681
          60     0.0171    0.0180    0.0175       832
        1140     0.0284    0.0285    0.0284      2671
        1160     0.0429    0.0425    0.0427      3953
        1180     0.0067    0.0065    0.0066       764
        1280     0.0525    0.0534    0.0529      4870
        1281     0.0203    0.0193    0.0198      2070
        1300     0.0570    0.0555    0.0562      5045
        1301     0.0092    0.0099    0.0096       807
        1302     0.0246    0.0245    0.0246      2491
        1320     0.0371    0.0355    0.0363      3241
        1560     0.0587    0.0587    0.0587      5073
        1920     0.0479    0.0479    0.0479      4303
        1940     0.0111    0.0112    0.0112       803
        2060     0.0558    0.0555    0.0556      4993
        2220     0.0084    0.0085    0.0084       824
        2280     0.0598    0.0595    0.0596      4760
        2403     0.0551    0.0555    0.0553      4774
        2462     0.0089    0.0077    0.0083      1421
        2522     0.0614    0.0635    0.0625      4989
        2582     0.0332    0.0340    0.0336      2589
        2583     0.1178    0.1169    0.1173     10209
        2585     0.0312    0.0325    0.0318      2496
        2705     0.0369    0.0380    0.0375      2761
        2905     0.0091    0.0092    0.0091       872

    accuracy                         0.0519     84916
   macro avg     0.0363    0.0364    0.0364     84916
weighted avg     0.0519    0.0519    0.0519     84916
