=== Baseline B2 — CV (n_splits=3) ===
F1-macro     : 0.5866
F1-weighted  : 0.6057
Time (sec)   : 4612.30

              precision    recall  f1-score   support

          10     0.3697    0.2535    0.3008      3116
          40     0.9325    0.1156    0.2057      2508
          50     0.7135    0.5289    0.6074      1681
          60     0.8877    0.7692    0.8242       832
        1140     0.7456    0.4268    0.5429      2671
        1160     0.8518    0.6977    0.7671      3953
        1180     0.5111    0.4830    0.4966       764
        1280     0.6954    0.2883    0.4076      4870
        1281     0.5280    0.2783    0.3644      2070
        1300     0.6852    0.7762    0.7279      5045
        1301     0.8570    0.7943    0.8244       807
        1302     0.7473    0.5046    0.6024      2491
        1320     0.9025    0.2940    0.4436      3241
        1560     0.6749    0.5766    0.6219      5073
        1920     0.8969    0.7339    0.8073      4303
        1940     0.1215    0.9041    0.2142       803
        2060     0.5607    0.7134    0.6279      4993
        2220     0.6577    0.7415    0.6971       824
        2280     0.4006    0.8342    0.5413      4760
        2403     0.3350    0.6634    0.4452      4774
        2462     0.5248    0.7896    0.6305      1421
        2522     0.9723    0.4706    0.6343      4989
        2582     0.4680    0.6786    0.5540      2589
        2583     0.9011    0.8018    0.8486     10209
        2585     0.6408    0.5132    0.5700      2496
        2705     0.8895    0.5422    0.6737      2761
        2905     0.7539    0.9943    0.8576       872

    accuracy                         0.5983     84916
   macro avg     0.6750    0.5988    0.5866     84916
weighted avg     0.7012    0.5983    0.6057     84916
