=== Baseline B3 — CV (n_splits=3) ===
F1-macro     : 0.1802
F1-weighted  : 0.2024
Time (sec)   : 802.16

              precision    recall  f1-score   support

          10     0.2386    0.2765    0.2561       170
          40     0.1506    0.1562    0.1534       160
          50     0.0702    0.0976    0.0816       123
          60     0.0488    0.0465    0.0476        43
        1140     0.0350    0.0464    0.0399       151
        1160     0.3991    0.4198    0.4092       212
        1180     0.0360    0.0800    0.0497        50
        1280     0.0734    0.0471    0.0574       276
        1281     0.0318    0.0446    0.0372       112
        1300     0.1090    0.0767    0.0900       300
        1301     0.0354    0.0784    0.0488        51
        1302     0.0660    0.0778    0.0714       167
        1320     0.0868    0.0990    0.0925       192
        1560     0.1317    0.1201    0.1256       308
        1920     0.4292    0.4170    0.4230       247
        1940     0.0561    0.1200    0.0764        50
        2060     0.2000    0.1761    0.1873       284
        2220     0.1084    0.1837    0.1364        49
        2280     0.3951    0.3441    0.3678       279
        2403     0.2328    0.1843    0.2057       293
        2462     0.1484    0.2184    0.1767        87
        2522     0.2455    0.2252    0.2349       302
        2582     0.0546    0.0649    0.0593       154
        2583     0.3871    0.2466    0.3013       584
        2585     0.0608    0.0701    0.0651       157
        2705     0.4945    0.5732    0.5310       157
        2905     0.4655    0.6429    0.5400        42

    accuracy                         0.1974      5000
   macro avg     0.1774    0.1901    0.1802      5000
weighted avg     0.2143    0.1974    0.2024      5000
