=== Baseline B0 — CV (n_splits=3) ===
F1-macro     : 0.0079
F1-weighted  : 0.0258
Time (sec)   : 0.03

              precision    recall  f1-score   support

          10     0.0000    0.0000    0.0000      3116
          40     0.0000    0.0000    0.0000      2508
          50     0.0000    0.0000    0.0000      1681
          60     0.0000    0.0000    0.0000       832
        1140     0.0000    0.0000    0.0000      2671
        1160     0.0000    0.0000    0.0000      3953
        1180     0.0000    0.0000    0.0000       764
        1280     0.0000    0.0000    0.0000      4870
        1281     0.0000    0.0000    0.0000      2070
        1300     0.0000    0.0000    0.0000      5045
        1301     0.0000    0.0000    0.0000       807
        1302     0.0000    0.0000    0.0000      2491
        1320     0.0000    0.0000    0.0000      3241
        1560     0.0000    0.0000    0.0000      5073
        1920     0.0000    0.0000    0.0000      4303
        1940     0.0000    0.0000    0.0000       803
        2060     0.0000    0.0000    0.0000      4993
        2220     0.0000    0.0000    0.0000       824
        2280     0.0000    0.0000    0.0000      4760
        2403     0.0000    0.0000    0.0000      4774
        2462     0.0000    0.0000    0.0000      1421
        2522     0.0000    0.0000    0.0000      4989
        2582     0.0000    0.0000    0.0000      2589
        2583     0.1202    1.0000    0.2146     10209
        2585     0.0000    0.0000    0.0000      2496
        2705     0.0000    0.0000    0.0000      2761
        2905     0.0000    0.0000    0.0000       872

    accuracy                         0.1202     84916
   macro avg     0.0045    0.0370    0.0079     84916
weighted avg     0.0145    0.1202    0.0258     84916
