=== Baseline B4 — CV (n_splits=3) ===
F1-macro     : 0.6174
F1-weighted  : 0.6588
Time (sec)   : 77.17

              precision    recall  f1-score   support

          10     0.3735    0.3298    0.3503        94
          40     0.3537    0.3222    0.3372        90
          50     0.7027    0.7324    0.7172        71
          60     0.7407    0.7143    0.7273        28
        1140     0.6064    0.5938    0.6000        96
        1160     0.8197    0.7874    0.8032       127
        1180     0.4737    0.2571    0.3333        35
        1280     0.5556    0.4819    0.5161       166
        1281     0.3273    0.2769    0.3000        65
        1300     0.7755    0.8172    0.7958       186
        1301     0.8571    0.5714    0.6857        21
        1302     0.6000    0.5100    0.5514       100
        1320     0.7500    0.4857    0.5896       105
        1560     0.6026    0.7194    0.6558       196
        1920     0.8678    0.7664    0.8140       137
        1940     0.7895    0.5769    0.6667        26
        2060     0.5422    0.7759    0.6383       174
        2220     0.9231    0.3243    0.4800        37
        2280     0.6341    0.7738    0.6971       168
        2403     0.5458    0.6968    0.6121       188
        2462     0.6400    0.6400    0.6400        50
        2522     0.7565    0.7978    0.7766       183
        2582     0.6818    0.4737    0.5590        95
        2583     0.8914    0.9341    0.9123       334
        2585     0.6232    0.4433    0.5181        97
        2705     0.6117    0.6176    0.6146       102
        2905     0.8400    0.7241    0.7778        29

    accuracy                         0.6643      3000
   macro avg     0.6624    0.5979    0.6174      3000
weighted avg     0.6688    0.6643    0.6588      3000
